cc.Class({
    extends: cc.Component,

    properties: {},

    start() {

    },

    onLoad() {
        window.flags = new Array();
        window.shows = new Array();
        window.names = new Array();
        names[0] = "校门";
        names[1] = "图书馆";
        names[2] = "校训碑";
        names[3] = "DG教学楼";
        names[4] = "新体育馆";
        names[5] = "东门";
        names[6] = "至诚&德馨";
        names[7] = "医学院&弘毅";
        names[8] = "知行&思源";
        names[9] = "旧行政楼&文理工科楼";
        names[10] = "新行政中心";
        names[11] = "金三角";
        names[12] = "二三食堂";
        names[13] = "校医院";
        names[14] = "789号楼";
        names[15] = "操场&球场";
        names[16] = "游泳池";
        names[17] = "大礼堂&荷花池";
        names[18] = "修远&敬一&明德";
        names[19] = "水库&日月湖";
        window.start = null;
        window.redSelected = null;
        window.selected = new Array();
        for (let i = 0; i < 20; i++)
            selected[i] = false;
        window.end = null;
        window.mode = 0;
        window.g = new Array();
        for (let i = 0; i < 20; i++) {
            g[i] = new Array();
            for (let j = 0; j < 20; j++)
                g[i][j] = 0;
        }
        window.G = new Array();
        for (let i = 0; i < 20; i++)
            G[i] = new Array();
        G[0][0] = 0;
        G[0][1] = 2.8;
        G[0][2] = 4.6;
        G[0][3] = 6.6;
        G[0][4] = 2;
        G[0][5] = 8.3;
        G[0][6] = 8.2;
        G[0][7] = 7.2;
        G[0][8] = 13.3;
        G[0][9] = 6;
        G[0][10] = 8.5;
        G[0][11] = 9.6;
        G[0][12] = 10.8;
        G[0][13] = 12.6;
        G[0][14] = 13.1;
        G[0][15] = 10.6;
        G[0][16] = 11.4;
        G[0][17] = 7.1;
        G[0][18] = 10.6;
        G[0][19] = 12.6;
        G[1][0] = 2.8;
        G[1][1] = 0;
        G[1][2] = 1.8;
        G[1][3] = 4;
        G[1][4] = 4;
        G[1][5] = 5.5;
        G[1][6] = 5.4;
        G[1][7] = 4.4;
        G[1][8] = 9.8;
        G[1][9] = 3.2;
        G[1][10] = 6.7;
        G[1][11] = 7.8;
        G[1][12] = 9;
        G[1][13] = 10.8;
        G[1][14] = 11.3;
        G[1][15] = 8.8;
        G[1][16] = 9.6;
        G[1][17] = 4.3;
        G[1][18] = 7.8;
        G[1][19] = 9.8;
        G[2][0] = 4.6;
        G[2][1] = 1.8;
        G[2][2] = 0;
        G[2][3] = 3.8;
        G[2][4] = 5.8;
        G[2][5] = 4.4;
        G[2][6] = 4.3;
        G[2][7] = 2.6;
        G[2][8] = 8.9;
        G[2][9] = 1.4;
        G[2][10] = 3.9;
        G[2][11] = 5;
        G[2][12] = 6.2;
        G[2][13] = 7;
        G[2][14] = 7.5;
        G[2][15] = 5.5;
        G[2][16] = 6.8;
        G[2][17] = 2.5;
        G[2][18] = 6;
        G[2][19] = 8;
        G[3][0] = 6.6;
        G[3][1] = 4;
        G[3][2] = 3.8;
        G[3][3] = 0;
        G[3][4] = 8;
        G[3][5] = 5.7;
        G[3][6] = 5.6;
        G[3][7] = 4.6;
        G[3][8] = 10;
        G[3][9] = 1.5;
        G[3][10] = 6.1;
        G[3][11] = 7.2;
        G[3][12] = 8.4;
        G[3][13] = 8.7;
        G[3][14] = 9.2;
        G[3][15] = 7.7;
        G[3][16] = 9;
        G[3][17] = 4.7;
        G[3][18] = 8.2;
        G[3][19] = 10.2;
        G[4][0] = 2;
        G[4][1] = 4;
        G[4][2] = 5.8;
        G[4][3] = 8;
        G[4][4] = 0;
        G[4][5] = 2.5;
        G[4][6] = 2.6;
        G[4][7] = 8.4;
        G[4][8] = 14.5;
        G[4][9] = 7.2;
        G[4][10] = 9.5;
        G[4][11] = 10.6;
        G[4][12] = 11.8;
        G[4][13] = 12.6;
        G[4][14] = 13.1;
        G[4][15] = 11.6;
        G[4][16] = 12.4;
        G[4][17] = 8.3;
        G[4][18] = 11.8;
        G[4][19] = 13.8;
        G[5][0] = 8.3;
        G[5][1] = 5.5;
        G[5][2] = 4.4;
        G[5][3] = 5.7;
        G[5][4] = 2.5;
        G[5][5] = 0;
        G[5][6] = 1.3;
        G[5][7] = 6.5;
        G[5][8] = 13.4;
        G[5][9] = 5.1;
        G[5][10] = 7.6;
        G[5][11] = 8.7;
        G[5][12] = 9.9;
        G[5][13] = 10.7;
        G[5][14] = 11.3;
        G[5][15] = 9.3;
        G[5][16] = 10.5;
        G[5][17] = 6.2;
        G[5][18] = 9.7;
        G[5][19] = 11.7;
        G[6][0] = 8.2;
        G[6][1] = 5.4;
        G[6][2] = 4.3;
        G[6][3] = 5.6;
        G[6][4] = 2.6;
        G[6][5] = 1.3;
        G[6][6] = 0;
        G[6][7] = 5.8;
        G[6][8] = 10.7;
        G[6][9] = 5.1;
        G[6][10] = 6.7;
        G[6][11] = 7.8;
        G[6][12] = 9;
        G[6][13] = 10.6;
        G[6][14] = 11.2;
        G[6][15] = 10;
        G[6][16] = 10.8;
        G[6][17] = 6.3;
        G[6][18] = 9.6;
        G[6][19] = 10.2;
        G[7][0] = 7.2;
        G[7][1] = 4.4;
        G[7][2] = 2.6;
        G[7][3] = 4.6;
        G[7][4] = 8.4;
        G[7][5] = 6.5;
        G[7][6] = 5.8;
        G[7][7] = 0;
        G[7][8] = 5.9;
        G[7][9] = 4.2;
        G[7][10] = 5.8;
        G[7][11] = 7.8;
        G[7][12] = 9;
        G[7][13] = 6.2;
        G[7][14] = 5.7;
        G[7][15] = 6.2;
        G[7][16] = 7.5;
        G[7][17] = 3.7;
        G[7][18] = 8.5;
        G[7][19] = 8.6;
        G[8][0] = 13.3;
        G[8][1] = 9.8;
        G[8][2] = 8.9;
        G[8][3] = 10;
        G[8][4] = 14.5;
        G[8][5] = 13.4;
        G[8][6] = 10.7;
        G[8][7] = 5.9;
        G[8][8] = 0;
        G[8][9] = 10.1;
        G[8][10] = 12.5;
        G[8][11] = 13.6;
        G[8][12] = 14.8;
        G[8][13] = 11.6;
        G[8][14] = 11.1;
        G[8][15] = 11.5;
        G[8][16] = 12.4;
        G[8][17] = 9.6;
        G[8][18] = 14.6;
        G[8][19] = 14.5;
        G[9][0] = 6;
        G[9][1] = 3.2;
        G[9][2] = 1.4;
        G[9][3] = 1.5;
        G[9][4] = 7.2;
        G[9][5] = 5.1;
        G[9][6] = 5.1;
        G[9][7] = 4.2;
        G[9][8] = 10.1;
        G[9][9] = 0;
        G[9][10] = 2.5;
        G[9][11] = 5;
        G[9][12] = 6.2;
        G[9][13] = 7;
        G[9][14] = 7.5;
        G[9][15] = 6;
        G[9][16] = 6.8;
        G[9][17] = 3.3;
        G[9][18] = 7.4;
        G[9][19] = 7.7;
        G[10][0] = 8.5;
        G[10][1] = 6.7;
        G[10][2] = 3.9;
        G[10][3] = 6.1;
        G[10][4] = 9.5;
        G[10][5] = 7.6;
        G[10][6] = 6.7;
        G[10][7] = 5.8;
        G[10][8] = 12.5;
        G[10][9] = 2.5;
        G[10][10] = 0;
        G[10][11] = 2.1;
        G[10][12] = 3.3;
        G[10][13] = 4.1;
        G[10][14] = 4.6;
        G[10][15] = 2.6;
        G[10][16] = 3.9;
        G[10][17] = 5.4;
        G[10][18] = 3.1;
        G[10][19] = 5.1;
        G[11][0] = 9.6;
        G[11][1] = 7.8;
        G[11][2] = 5;
        G[11][3] = 7.2;
        G[11][4] = 10.6;
        G[11][5] = 8.7;
        G[11][6] = 7.8;
        G[11][7] = 7.8;
        G[11][8] = 13.6;
        G[11][9] = 5;
        G[11][10] = 2.1;
        G[11][11] = 0;
        G[11][12] = 1.2;
        G[11][13] = 2;
        G[11][14] = 2.5;
        G[11][15] = 0.5;
        G[11][16] = 1.8;
        G[11][17] = 6.5;
        G[11][18] = 1;
        G[11][19] = 3;
        G[12][0] = 10.8;
        G[12][1] = 9;
        G[12][2] = 6.2;
        G[12][3] = 8.4;
        G[12][4] = 11.8;
        G[12][5] = 9.9;
        G[12][6] = 9;
        G[12][7] = 9;
        G[12][8] = 14.8;
        G[12][9] = 6.2;
        G[12][10] = 3.3;
        G[12][11] = 1.2;
        G[12][12] = 0;
        G[12][13] = 4.2;
        G[12][14] = 4.7;
        G[12][15] = 2.2;
        G[12][16] = 3;
        G[12][17] = 7.7;
        G[12][18] = 1.2;
        G[12][19] = 4.2;
        G[13][0] = 12.6;
        G[13][1] = 10.8;
        G[13][2] = 7;
        G[13][3] = 8.7;
        G[13][4] = 12.6;
        G[13][5] = 10.7;
        G[13][6] = 10.6;
        G[13][7] = 6.2;
        G[13][8] = 11.6;
        G[13][9] = 7;
        G[13][10] = 4.1;
        G[13][11] = 2;
        G[13][12] = 4.2;
        G[13][13] = 0;
        G[13][14] = 1.2;
        G[13][15] = 4;
        G[13][16] = 1.8;
        G[13][17] = 4.8;
        G[13][18] = 3;
        G[13][19] = 2.3;
        G[14][0] = 13.1;
        G[14][1] = 11.3;
        G[14][2] = 7.5;
        G[14][3] = 9.2;
        G[14][4] = 13.1;
        G[14][5] = 11.3;
        G[14][6] = 11.2;
        G[14][7] = 5.7;
        G[14][8] = 11.1;
        G[14][9] = 7.5;
        G[14][10] = 4.6;
        G[14][11] = 2.5;
        G[14][12] = 4.7;
        G[14][13] = 1.2;
        G[14][14] = 0;
        G[14][15] = 1.7;
        G[14][16] = 2.4;
        G[14][17] = 4.2;
        G[14][18] = 3.5;
        G[14][19] = 3.3;
        G[15][0] = 10.6;
        G[15][1] = 8.8;
        G[15][2] = 5.5;
        G[15][3] = 7.7;
        G[15][4] = 11.6;
        G[15][5] = 9.3;
        G[15][6] = 10;
        G[15][7] = 6.2;
        G[15][8] = 11.5;
        G[15][9] = 6;
        G[15][10] = 2.6;
        G[15][11] = 0.5;
        G[15][12] = 2.2;
        G[15][13] = 4;
        G[15][14] = 1.7;
        G[15][15] = 0;
        G[15][16] = 2.8;
        G[15][17] = 4.4;
        G[15][18] = 1.5;
        G[15][19] = 3.8;
        G[16][0] = 11.4;
        G[16][1] = 9.6;
        G[16][2] = 6.8;
        G[16][3] = 9;
        G[16][4] = 12.4;
        G[16][5] = 10.5;
        G[16][6] = 10.8;
        G[16][7] = 7.5;
        G[16][8] = 12.4;
        G[16][9] = 6.8;
        G[16][10] = 3.9;
        G[16][11] = 1.8;
        G[16][12] = 3;
        G[16][13] = 1.8;
        G[16][14] = 2.4;
        G[16][15] = 2.8;
        G[16][16] = 0;
        G[16][17] = 6;
        G[16][18] = 2.8;
        G[16][19] = 2.8;
        G[17][0] = 7.1;
        G[17][1] = 4.3;
        G[17][2] = 2.5;
        G[17][3] = 4.7;
        G[17][4] = 8.3;
        G[17][5] = 6.2;
        G[17][6] = 6.3;
        G[17][7] = 3.7;
        G[17][8] = 9.6;
        G[17][9] = 3.3;
        G[17][10] = 5.4;
        G[17][11] = 6.5;
        G[17][12] = 7.7;
        G[17][13] = 4.8;
        G[17][14] = 4.2;
        G[17][15] = 4.4;
        G[17][16] = 6;
        G[17][17] = 0;
        G[17][18] = 6.5;
        G[17][19] = 7;
        G[18][0] = 10.6;
        G[18][1] = 7.8;
        G[18][2] = 6;
        G[18][3] = 8.2;
        G[18][4] = 11.8;
        G[18][5] = 9.7;
        G[18][6] = 9.6;
        G[18][7] = 8.5;
        G[18][8] = 14.6;
        G[18][9] = 7.4;
        G[18][10] = 3.1;
        G[18][11] = 1;
        G[18][12] = 1.2;
        G[18][13] = 3;
        G[18][14] = 3.5;
        G[18][15] = 1.5;
        G[18][16] = 2.8;
        G[18][17] = 6.5;
        G[18][18] = 0;
        G[18][19] = 4;
        G[19][0] = 12.6;
        G[19][1] = 9.8;
        G[19][2] = 8;
        G[19][3] = 10.2;
        G[19][4] = 13.8;
        G[19][5] = 11.7;
        G[19][6] = 10.2;
        G[19][7] = 8.6;
        G[19][8] = 14.5;
        G[19][9] = 7.7;
        G[19][10] = 5.1;
        G[19][11] = 3;
        G[19][12] = 4.2;
        G[19][13] = 2.3;
        G[19][14] = 3.3;
        G[19][15] = 3.8;
        G[19][16] = 2.8;
        G[19][17] = 7;
        G[19][18] = 4;
        G[19][19] = 0;
    },
});